"BAYES_prob"	"BAYES_log10.PO."	"BAYES_qval"	"BAYES_alpha"	"BAYES_fst"	"ID"	"version_BAYES"	"BAYES_prob.x"	"BAYES_log10.PO..x"	"BAYES_qval.x"	"BAYES_alpha.x"	"BAYES_fst.x"	"BAYES_prob.y"	"BAYES_log10.PO..y"	"BAYES_qval.y"	"BAYES_alpha.y"	"BAYES_fst.y"
"1"	0.88418	0.88274	0.023362	2.0807	0.30343	23693	"location"	NA	NA	NA	NA	NA	NA	NA	NA	NA	NA
"2"	0.84617	0.74041	0.03371	2.1365	0.3128	29039	"location"	NA	NA	NA	NA	NA	NA	NA	NA	NA	NA
"3"	0.979	1.6685	0.0035817	2.3553	0.33055	32806	"location"	NA	NA	NA	NA	NA	NA	NA	NA	NA	NA
"4"	0.88858	0.90172	0.016411	1.9558	0.28906	37876	"location"	NA	NA	NA	NA	NA	NA	NA	NA	NA	NA
"5"	0.71194	0.39297	0.046985	1.7593	0.27704	40166	"location"	NA	NA	NA	NA	NA	NA	NA	NA	NA	NA
"6"	0.96599	1.4534	0.0058233	1.9874	0.28218	70	"host"	NA	NA	NA	NA	NA	NA	NA	NA	NA	NA
"7"	0.88018	0.86603	0.021692	1.7265	0.25158	150	"host"	NA	NA	NA	NA	NA	NA	NA	NA	NA	NA
"8"	0.82677	0.67875	0.030465	1.6318	0.24293	151	"host"	NA	NA	NA	NA	NA	NA	NA	NA	NA	NA
"9"	0.90718	0.99006	0.015321	1.7994	0.25917	152	"host"	NA	NA	NA	NA	NA	NA	NA	NA	NA	NA
"10"	0.89878	0.94839	0.017132	1.7749	0.25656	153	"host"	NA	NA	NA	NA	NA	NA	NA	NA	NA	NA
"11"	0.90538	0.98085	0.016214	1.7899	0.25836	154	"host"	NA	NA	NA	NA	NA	NA	NA	NA	NA	NA
"12"	0.987	1.8803	0.0021507	2.2127	0.31484	202	"host"	NA	NA	NA	NA	NA	NA	NA	NA	NA	NA
"13"	0.9968	2.4934	0.00049861	2.1894	0.30915	209	"host"	NA	NA	NA	NA	NA	NA	NA	NA	NA	NA
"14"	0.95739	1.3516	0.007301	2.0043	0.28509	230	"host"	NA	NA	NA	NA	NA	NA	NA	NA	NA	NA
"15"	0.95079	1.286	0.0074848	1.9825	0.28296	231	"host"	NA	NA	NA	NA	NA	NA	NA	NA	NA	NA
"16"	0.9934	2.1775	0.0011597	2.1386	0.3018	461	"host"	NA	NA	NA	NA	NA	NA	NA	NA	NA	NA
"17"	0.96859	1.4891	0.0053053	1.9176	0.27137	462	"host"	NA	NA	NA	NA	NA	NA	NA	NA	NA	NA
"18"	0.9894	1.97	0.0016063	2.0653	0.29144	605	"host"	NA	NA	NA	NA	NA	NA	NA	NA	NA	NA
"19"	0.76495	0.51248	0.044147	1.4662	0.22383	608	"host"	NA	NA	NA	NA	NA	NA	NA	NA	NA	NA
"20"	0.74735	0.471	0.047798	1.4223	0.22008	642	"host"	NA	NA	NA	NA	NA	NA	NA	NA	NA	NA
"21"	0.80036	0.60304	0.034067	1.5371	0.23156	747	"host"	NA	NA	NA	NA	NA	NA	NA	NA	NA	NA
"22"	0.987	1.8803	0.0021507	2.0403	0.28817	851	"host"	NA	NA	NA	NA	NA	NA	NA	NA	NA	NA
"23"	0.75355	0.48538	0.045966	1.3788	0.21347	852	"host"	NA	NA	NA	NA	NA	NA	NA	NA	NA	NA
"24"	0.9868	1.8736	0.0022128	2.0219	0.28551	854	"host"	NA	NA	NA	NA	NA	NA	NA	NA	NA	NA
"25"	0.77616	0.54	0.041841	1.4742	0.22477	862	"host"	NA	NA	NA	NA	NA	NA	NA	NA	NA	NA
"26"	0.74555	0.46687	0.049026	1.3318	0.20737	993	"host"	NA	NA	NA	NA	NA	NA	NA	NA	NA	NA
"27"	0.9954	2.3352	0.00078646	2.0991	0.29602	1013	"host"	NA	NA	NA	NA	NA	NA	NA	NA	NA	NA
"28"	0.995	2.2988	0.00089618	2.1178	0.29892	1014	"host"	NA	NA	NA	NA	NA	NA	NA	NA	NA	NA
"29"	0.96099	1.3916	0.0065427	1.864	0.26489	1015	"host"	NA	NA	NA	NA	NA	NA	NA	NA	NA	NA
"30"	0.95959	1.3756	0.0068407	1.8773	0.26723	1016	"host"	NA	NA	NA	NA	NA	NA	NA	NA	NA	NA
"31"	0.9956	2.3545	0.00076015	2.1189	0.29852	1018	"host"	NA	NA	NA	NA	NA	NA	NA	NA	NA	NA
"32"	0.91898	1.0547	0.013332	1.7613	0.2533	1022	"host"	NA	NA	NA	NA	NA	NA	NA	NA	NA	NA
"33"	0.94539	1.2383	0.0086522	1.8214	0.25971	1023	"host"	NA	NA	NA	NA	NA	NA	NA	NA	NA	NA
"34"	0.93859	1.1842	0.010107	1.8013	0.25695	1024	"host"	NA	NA	NA	NA	NA	NA	NA	NA	NA	NA
"35"	0.94279	1.2169	0.0092651	1.8176	0.25914	1025	"host"	NA	NA	NA	NA	NA	NA	NA	NA	NA	NA
"36"	0.94739	1.2555	0.0082603	1.9206	0.27377	1026	"host"	NA	NA	NA	NA	NA	NA	NA	NA	NA	NA
"37"	0.93919	1.1888	0.0098928	1.8838	0.26916	1027	"host"	NA	NA	NA	NA	NA	NA	NA	NA	NA	NA
"38"	0.96299	1.4153	0.0061044	1.9499	0.2769	1039	"host"	NA	NA	NA	NA	NA	NA	NA	NA	NA	NA
"39"	0.96639	1.4587	0.0056928	1.9425	0.27556	1040	"host"	NA	NA	NA	NA	NA	NA	NA	NA	NA	NA
"40"	0.78776	0.56956	0.037913	1.529	0.2314	1100	"host"	NA	NA	NA	NA	NA	NA	NA	NA	NA	NA
"41"	0.994	2.2191	0.0010236	2.1646	0.30585	1101	"host"	NA	NA	NA	NA	NA	NA	NA	NA	NA	NA
"42"	0.9848	1.8114	0.0025404	2.05	0.28938	1104	"host"	NA	NA	NA	NA	NA	NA	NA	NA	NA	NA
"43"	0.9978	2.6565	0.00033287	2.4111	0.34396	1375	"host"	NA	NA	NA	NA	NA	NA	NA	NA	NA	NA
"44"	0.96879	1.492	0.0051822	2.0065	0.28451	1392	"host"	NA	NA	NA	NA	NA	NA	NA	NA	NA	NA
"45"	0.9964	2.442	0.00058417	2.1281	0.30018	1397	"host"	NA	NA	NA	NA	NA	NA	NA	NA	NA	NA
"46"	0.74615	0.46825	0.048413	1.4872	0.23014	1465	"host"	NA	NA	NA	NA	NA	NA	NA	NA	NA	NA
"47"	0.89698	0.93986	0.018075	1.542	0.22531	1547	"host"	NA	NA	NA	NA	NA	NA	NA	NA	NA	NA
"48"	0.91258	1.0187	0.014452	1.7578	0.25302	1594	"host"	NA	NA	NA	NA	NA	NA	NA	NA	NA	NA
"49"	0.84297	0.72982	0.02719	1.5603	0.23129	1595	"host"	NA	NA	NA	NA	NA	NA	NA	NA	NA	NA
"50"	0.9782	1.6519	0.0039789	1.9859	0.28064	1606	"host"	NA	NA	NA	NA	NA	NA	NA	NA	NA	NA
"51"	0.9984	2.7951	0.00023734	2.2277	0.31504	1607	"host"	NA	NA	NA	NA	NA	NA	NA	NA	NA	NA
"52"	0.992	2.0933	0.0013101	2.145	0.30337	2066	"host"	NA	NA	NA	NA	NA	NA	NA	NA	NA	NA
"53"	0.97019	1.5126	0.0049381	1.9217	0.27183	2195	"host"	NA	NA	NA	NA	NA	NA	NA	NA	NA	NA
"54"	0.94279	1.2169	0.0092651	1.7579	0.25094	2223	"host"	NA	NA	NA	NA	NA	NA	NA	NA	NA	NA
"55"	0.82737	0.68057	0.029993	1.5843	0.2363	2234	"host"	NA	NA	NA	NA	NA	NA	NA	NA	NA	NA
"56"	0.75115	0.47979	0.047182	1.3318	0.20719	2345	"host"	NA	NA	NA	NA	NA	NA	NA	NA	NA	NA
"57"	0.86597	0.81031	0.023566	1.7261	0.25272	2406	"host"	NA	NA	NA	NA	NA	NA	NA	NA	NA	NA
"58"	0.96959	1.5036	0.0050588	1.9515	0.27678	2407	"host"	NA	NA	NA	NA	NA	NA	NA	NA	NA	NA
"59"	0.9974	2.5838	0.00040008	2.1649	0.30459	2408	"host"	NA	NA	NA	NA	NA	NA	NA	NA	NA	NA
"60"	0.93719	1.1738	0.010536	1.7968	0.25638	2438	"host"	NA	NA	NA	NA	NA	NA	NA	NA	NA	NA
"61"	0.94319	1.2202	0.0088571	1.8511	0.26357	2637	"host"	NA	NA	NA	NA	NA	NA	NA	NA	NA	NA
"62"	0.91518	1.033	0.013885	1.6718	0.24072	2639	"host"	NA	NA	NA	NA	NA	NA	NA	NA	NA	NA
"63"	0.76995	0.52465	0.042977	1.4191	0.21798	3210	"host"	NA	NA	NA	NA	NA	NA	NA	NA	NA	NA
"64"	0.9986	2.8532	0.00017703	2.2468	0.31695	3268	"host"	NA	NA	NA	NA	NA	NA	NA	NA	NA	NA
"65"	0.82917	0.68607	0.029044	1.3968	0.20988	3305	"host"	NA	NA	NA	NA	NA	NA	NA	NA	NA	NA
"66"	0.85877	0.78396	0.025535	1.5262	0.22535	3306	"host"	NA	NA	NA	NA	NA	NA	NA	NA	NA	NA
"67"	0.96179	1.4009	0.0062503	1.8234	0.25898	3425	"host"	NA	NA	NA	NA	NA	NA	NA	NA	NA	NA
"68"	0.9938	2.2048	0.00109	2.098	0.29566	3661	"host"	NA	NA	NA	NA	NA	NA	NA	NA	NA	NA
"69"	0.75655	0.49243	0.044753	1.2612	0.19763	3823	"host"	NA	NA	NA	NA	NA	NA	NA	NA	NA	NA
"70"	0.77596	0.5395	0.042402	1.4029	0.21484	3913	"host"	NA	NA	NA	NA	NA	NA	NA	NA	NA	NA
"71"	0.998	2.698	0.00031781	2.2145	0.31271	4442	"host"	NA	NA	NA	NA	NA	NA	NA	NA	NA	NA
"72"	0.985	1.8173	0.0024708	2.0354	0.28702	4446	"host"	NA	NA	NA	NA	NA	NA	NA	NA	NA	NA
"73"	0.997	2.5215	0.00045767	2.1938	0.30968	4470	"host"	NA	NA	NA	NA	NA	NA	NA	NA	NA	NA
"74"	0.9938	2.2048	0.00109	2.1805	0.30801	4473	"host"	NA	NA	NA	NA	NA	NA	NA	NA	NA	NA
"75"	0.94759	1.2572	0.0078746	1.8602	0.26481	4624	"host"	NA	NA	NA	NA	NA	NA	NA	NA	NA	NA
"76"	0.90998	1.0047	0.015024	1.7707	0.25503	4628	"host"	NA	NA	NA	NA	NA	NA	NA	NA	NA	NA
"77"	0.92819	1.1114	0.012313	1.8615	0.26671	4853	"host"	NA	NA	NA	NA	NA	NA	NA	NA	NA	NA
"78"	0.9882	1.9229	0.0017805	2.0509	0.28926	4885	"host"	NA	NA	NA	NA	NA	NA	NA	NA	NA	NA
"79"	0.86457	0.8051	0.023955	1.6101	0.23575	4888	"host"	NA	NA	NA	NA	NA	NA	NA	NA	NA	NA
"80"	0.93199	1.1368	0.012075	1.8864	0.26988	5314	"host"	NA	NA	NA	NA	NA	NA	NA	NA	NA	NA
"81"	0.85797	0.7811	0.025933	1.6882	0.24817	5593	"host"	NA	NA	NA	NA	NA	NA	NA	NA	NA	NA
"82"	0.9896	1.9783	0.0015524	2.1366	0.30257	5902	"host"	NA	NA	NA	NA	NA	NA	NA	NA	NA	NA
"83"	0.78916	0.57321	0.036251	1.4273	0.21688	6251	"host"	NA	NA	NA	NA	NA	NA	NA	NA	NA	NA
"84"	0.77976	0.54905	0.040711	1.3929	0.21311	6252	"host"	NA	NA	NA	NA	NA	NA	NA	NA	NA	NA
"85"	0.78456	0.56129	0.038471	1.4399	0.21888	6253	"host"	NA	NA	NA	NA	NA	NA	NA	NA	NA	NA
"86"	0.89038	0.90968	0.019998	1.6142	0.23481	6254	"host"	NA	NA	NA	NA	NA	NA	NA	NA	NA	NA
"87"	0.9934	2.1775	0.0011597	1.9871	0.27886	6256	"host"	NA	NA	NA	NA	NA	NA	NA	NA	NA	NA
"88"	0.89138	0.91415	0.019347	1.6457	0.23914	6387	"host"	NA	NA	NA	NA	NA	NA	NA	NA	NA	NA
"89"	0.98	1.6901	0.0035385	2.0272	0.28671	6592	"host"	NA	NA	NA	NA	NA	NA	NA	NA	NA	NA
"90"	0.85177	0.75939	0.02675	1.7043	0.25104	6857	"host"	NA	NA	NA	NA	NA	NA	NA	NA	NA	NA
"91"	0.90458	0.97681	0.016512	1.5439	0.22507	6992	"host"	NA	NA	NA	NA	NA	NA	NA	NA	NA	NA
"92"	0.89058	0.91057	0.019673	1.7186	0.24949	7179	"host"	NA	NA	NA	NA	NA	NA	NA	NA	NA	NA
"93"	0.80036	0.60304	0.034067	1.5637	0.23498	7180	"host"	NA	NA	NA	NA	NA	NA	NA	NA	NA	NA
"94"	0.9984	2.7951	0.00023734	2.264	0.3199	7211	"host"	NA	NA	NA	NA	NA	NA	NA	NA	NA	NA
"95"	0.9976	2.6187	0.00036543	2.2426	0.31678	7212	"host"	NA	NA	NA	NA	NA	NA	NA	NA	NA	NA
"96"	0.97299	1.5567	0.0045942	1.8441	0.26031	7220	"host"	NA	NA	NA	NA	NA	NA	NA	NA	NA	NA
"97"	0.92599	1.0973	0.012801	1.8938	0.27145	7305	"host"	NA	NA	NA	NA	NA	NA	NA	NA	NA	NA
"98"	0.89358	0.9241	0.019021	1.545	0.22538	7868	"host"	NA	NA	NA	NA	NA	NA	NA	NA	NA	NA
"99"	0.95919	1.3712	0.0069916	1.9051	0.26972	7903	"host"	NA	NA	NA	NA	NA	NA	NA	NA	NA	NA
"100"	0.986	1.8477	0.0024016	2.0174	0.28463	8137	"host"	NA	NA	NA	NA	NA	NA	NA	NA	NA	NA
"101"	0.9992	3.0965	9.7162e-05	2.2773	0.32146	8244	"host"	NA	NA	NA	NA	NA	NA	NA	NA	NA	NA
"102"	0.81196	0.63529	0.032457	1.5921	0.23824	8264	"host"	NA	NA	NA	NA	NA	NA	NA	NA	NA	NA
"103"	0.9956	2.3545	0.00076015	2.1019	0.29556	8397	"host"	NA	NA	NA	NA	NA	NA	NA	NA	NA	NA
"104"	0.9976	2.6187	0.00036543	2.2317	0.3147	9940	"host"	NA	NA	NA	NA	NA	NA	NA	NA	NA	NA
"105"	0.81416	0.64158	0.031948	1.5576	0.23284	10071	"host"	NA	NA	NA	NA	NA	NA	NA	NA	NA	NA
"106"	0.9866	1.8669	0.0023371	2.333	0.334	10125	"host"	NA	NA	NA	NA	NA	NA	NA	NA	NA	NA
"107"	0.9928	2.1394	0.0012686	2.1947	0.31122	10127	"host"	NA	NA	NA	NA	NA	NA	NA	NA	NA	NA
"108"	0.984	1.7888	0.0028209	2.0937	0.29641	10128	"host"	NA	NA	NA	NA	NA	NA	NA	NA	NA	NA
"109"	0.9844	1.8	0.00275	2.0374	0.28742	10131	"host"	NA	NA	NA	NA	NA	NA	NA	NA	NA	NA
"110"	0.9846	1.8057	0.0026103	2.0368	0.28713	10132	"host"	NA	NA	NA	NA	NA	NA	NA	NA	NA	NA
"111"	0.84097	0.7233	0.027634	1.697	0.25105	10135	"host"	NA	NA	NA	NA	NA	NA	NA	NA	NA	NA
"112"	0.9994	3.2215	6.2012e-05	2.5317	0.36259	10137	"host"	NA	NA	NA	NA	NA	NA	NA	NA	NA	NA
"113"	0.89638	0.93705	0.018701	1.8014	0.26085	10142	"host"	NA	NA	NA	NA	NA	NA	NA	NA	NA	NA
"114"	0.89818	0.94553	0.017447	1.7891	0.25866	10143	"host"	NA	NA	NA	NA	NA	NA	NA	NA	NA	NA
"115"	0.93819	1.1812	0.01032	1.8928	0.27021	10145	"host"	NA	NA	NA	NA	NA	NA	NA	NA	NA	NA
"116"	0.9814	1.7222	0.0032887	2.0146	0.28429	10146	"host"	NA	NA	NA	NA	NA	NA	NA	NA	NA	NA
"117"	0.79176	0.58003	0.035693	1.4623	0.22127	10148	"host"	NA	NA	NA	NA	NA	NA	NA	NA	NA	NA
"118"	0.92599	1.0973	0.012801	1.7608	0.25303	10163	"host"	NA	NA	NA	NA	NA	NA	NA	NA	NA	NA
"119"	0.93479	1.1564	0.011408	1.767	0.25317	10164	"host"	NA	NA	NA	NA	NA	NA	NA	NA	NA	NA
"120"	0.88998	0.9079	0.020322	1.7259	0.25047	10240	"host"	NA	NA	NA	NA	NA	NA	NA	NA	NA	NA
"121"	0.9818	1.7319	0.0031294	1.978	0.27896	10241	"host"	NA	NA	NA	NA	NA	NA	NA	NA	NA	NA
"122"	0.79996	0.60195	0.0346	1.6114	0.24221	10430	"host"	NA	NA	NA	NA	NA	NA	NA	NA	NA	NA
"123"	0.97399	1.5735	0.0043784	1.946	0.27492	10452	"host"	NA	NA	NA	NA	NA	NA	NA	NA	NA	NA
"124"	0.999	2.9995	0.00011404	2.4569	0.35089	10574	"host"	NA	NA	NA	NA	NA	NA	NA	NA	NA	NA
"125"	0.94739	1.2555	0.0082603	1.9218	0.27387	10671	"host"	NA	NA	NA	NA	NA	NA	NA	NA	NA	NA
"126"	0.82657	0.67814	0.030936	1.5445	0.23121	11191	"host"	NA	NA	NA	NA	NA	NA	NA	NA	NA	NA
"127"	0.9956	2.3545	0.00076015	2.137	0.30079	12752	"host"	NA	NA	NA	NA	NA	NA	NA	NA	NA	NA
"128"	0.9972	2.5515	0.00041855	2.1775	0.30593	12855	"host"	NA	NA	NA	NA	NA	NA	NA	NA	NA	NA
"129"	0.75195	0.48165	0.046575	1.3709	0.21204	13039	"host"	NA	NA	NA	NA	NA	NA	NA	NA	NA	NA
"130"	0.82817	0.68301	0.029519	1.5878	0.23653	13047	"host"	NA	NA	NA	NA	NA	NA	NA	NA	NA	NA
"131"	0.9914	2.0617	0.0013978	2.0622	0.29089	13611	"host"	NA	NA	NA	NA	NA	NA	NA	NA	NA	NA
"132"	0.9772	1.632	0.0040721	2.245	0.32074	16107	"host"	NA	NA	NA	NA	NA	NA	NA	NA	NA	NA
"133"	0.9786	1.6601	0.0038898	2.0015	0.28299	17290	"host"	NA	NA	NA	NA	NA	NA	NA	NA	NA	NA
"134"	0.93519	1.1592	0.011189	1.7666	0.25192	17357	"host"	NA	NA	NA	NA	NA	NA	NA	NA	NA	NA
"135"	0.86257	0.79772	0.024737	1.579	0.23222	18220	"host"	NA	NA	NA	NA	NA	NA	NA	NA	NA	NA
"136"	0.87297	0.83711	0.022415	1.7003	0.24808	18228	"host"	NA	NA	NA	NA	NA	NA	NA	NA	NA	NA
"137"	0.9974	2.5838	0.00040008	2.3887	0.34095	19694	"host"	NA	NA	NA	NA	NA	NA	NA	NA	NA	NA
"138"	0.75535	0.48961	0.045359	1.4914	0.22882	19776	"host"	NA	NA	NA	NA	NA	NA	NA	NA	NA	NA
"139"	0.9896	1.9783	0.0015524	2.2429	0.31895	19777	"host"	NA	NA	NA	NA	NA	NA	NA	NA	NA	NA
"140"	0.9966	2.467	0.00056216	2.3082	0.32779	21832	"host"	NA	NA	NA	NA	NA	NA	NA	NA	NA	NA
"141"	0.88598	0.89043	0.020658	1.7224	0.25023	22423	"host"	NA	NA	NA	NA	NA	NA	NA	NA	NA	NA
"142"	0.80276	0.60959	0.032992	1.4838	0.22395	22424	"host"	NA	NA	NA	NA	NA	NA	NA	NA	NA	NA
"143"	0.93299	1.1437	0.011851	1.8218	0.26056	22448	"host"	NA	NA	NA	NA	NA	NA	NA	NA	NA	NA
"144"	0.88138	0.87099	0.021342	1.7982	0.26182	23041	"host"	NA	NA	NA	NA	NA	NA	NA	NA	NA	NA
"145"	0.88498	0.88615	0.020995	1.7076	0.24809	26314	"host"	NA	NA	NA	NA	NA	NA	NA	NA	NA	NA
"146"	0.91598	1.0375	0.013608	1.7552	0.25231	26315	"host"	NA	NA	NA	NA	NA	NA	NA	NA	NA	NA
"147"	0.86657	0.81256	0.02318	1.5588	0.22907	27138	"host"	NA	NA	NA	NA	NA	NA	NA	NA	NA	NA
"148"	0.77636	0.5405	0.041278	1.4986	0.22857	28999	"host"	NA	NA	NA	NA	NA	NA	NA	NA	NA	NA
"149"	0.9966	2.467	0.00056216	2.1341	0.30068	29368	"host"	NA	NA	NA	NA	NA	NA	NA	NA	NA	NA
"150"	0.9762	1.6129	0.0041693	1.8965	0.26757	29446	"host"	NA	NA	NA	NA	NA	NA	NA	NA	NA	NA
"151"	0.9956	2.3545	0.00076015	2.1344	0.30025	29450	"host"	NA	NA	NA	NA	NA	NA	NA	NA	NA	NA
"152"	0.83537	0.70536	0.028094	1.8029	0.26739	29598	"host"	NA	NA	NA	NA	NA	NA	NA	NA	NA	NA
"153"	0.998	2.698	0.00031781	2.1459	0.30187	30047	"host"	NA	NA	NA	NA	NA	NA	NA	NA	NA	NA
"154"	0.93399	1.1507	0.011628	1.8676	0.26742	31644	"host"	NA	NA	NA	NA	NA	NA	NA	NA	NA	NA
"155"	0.93639	1.1679	0.010754	1.8191	0.26033	31814	"host"	NA	NA	NA	NA	NA	NA	NA	NA	NA	NA
"156"	0.90198	0.96388	0.016817	1.7412	0.25122	33510	"host"	NA	NA	NA	NA	NA	NA	NA	NA	NA	NA
"157"	0.81416	0.64158	0.031948	1.5552	0.23279	33697	"host"	NA	NA	NA	NA	NA	NA	NA	NA	NA	NA
"158"	0.90638	0.98595	0.015619	1.8163	0.26233	34228	"host"	NA	NA	NA	NA	NA	NA	NA	NA	NA	NA
"159"	0.96059	1.387	0.0066901	1.9622	0.27823	34229	"host"	NA	NA	NA	NA	NA	NA	NA	NA	NA	NA
"160"	0.96759	1.4751	0.0054319	1.9873	0.28165	34230	"host"	NA	NA	NA	NA	NA	NA	NA	NA	NA	NA
"161"	0.9876	1.9011	0.0019033	2.0668	0.29164	34231	"host"	NA	NA	NA	NA	NA	NA	NA	NA	NA	NA
"162"	0.93619	1.1665	0.01097	1.8481	0.26413	34232	"host"	NA	NA	NA	NA	NA	NA	NA	NA	NA	NA
"163"	0.9982	2.7439	0.00027609	2.1594	0.30392	34233	"host"	NA	NA	NA	NA	NA	NA	NA	NA	NA	NA
"164"	0.96159	1.3986	0.0063958	1.8803	0.26605	34234	"host"	NA	NA	NA	NA	NA	NA	NA	NA	NA	NA
"165"	0.9876	1.9011	0.0019033	2.0968	0.29612	35326	"host"	NA	NA	NA	NA	NA	NA	NA	NA	NA	NA
"166"	0.86977	0.82471	0.022793	1.7852	0.2611	35328	"host"	NA	NA	NA	NA	NA	NA	NA	NA	NA	NA
"167"	0.76535	0.51345	0.043563	1.2647	0.19746	36702	"host"	NA	NA	NA	NA	NA	NA	NA	NA	NA	NA
"168"	0.94779	1.259	0.0076801	1.6388	0.23445	36704	"host"	NA	NA	NA	NA	NA	NA	NA	NA	NA	NA
"169"	0.97099	1.5247	0.0048191	1.788	0.25308	36952	"host"	NA	NA	NA	NA	NA	NA	NA	NA	NA	NA
"170"	0.78376	0.55924	0.039028	1.3971	0.21282	36967	"host"	NA	NA	NA	NA	NA	NA	NA	NA	NA	NA
"171"	1	1000	0	2.5507	0.36526	38089	"host"	NA	NA	NA	NA	NA	NA	NA	NA	NA	NA
"172"	0.9808	1.7082	0.0033708	1.9249	0.27213	38148	"host"	NA	NA	NA	NA	NA	NA	NA	NA	NA	NA
"173"	0.9984	2.7951	0.00023734	2.2592	0.31922	39313	"host"	NA	NA	NA	NA	NA	NA	NA	NA	NA	NA
"174"	0.9996	3.3977	5.1031e-05	2.5075	0.35884	41138	"host"	NA	NA	NA	NA	NA	NA	NA	NA	NA	NA
"175"	0.996	2.3961	0.00063155	2.1907	0.30952	41139	"host"	NA	NA	NA	NA	NA	NA	NA	NA	NA	NA
"176"	0.9968	2.4934	0.00049861	2.3742	0.33906	41524	"host"	NA	NA	NA	NA	NA	NA	NA	NA	NA	NA
"177"	0.9958	2.3748	0.00065687	2.3783	0.33952	43085	"host"	NA	NA	NA	NA	NA	NA	NA	NA	NA	NA
"178"	0.79696	0.59385	0.03514	1.5215	0.22933	45456	"host"	NA	NA	NA	NA	NA	NA	NA	NA	NA	NA
"179"	0.95839	1.3624	0.0071448	1.9154	0.27232	46388	"host"	NA	NA	NA	NA	NA	NA	NA	NA	NA	NA
"180"	0.9988	2.9202	0.00014367	2.4507	0.35063	46695	"host"	NA	NA	NA	NA	NA	NA	NA	NA	NA	NA
"181"	0.86257	0.79772	0.024737	1.8127	0.26592	46884	"host"	NA	NA	NA	NA	NA	NA	NA	NA	NA	NA
"182"	0.9822	1.7417	0.002971	2.1416	0.3037	46885	"host"	NA	NA	NA	NA	NA	NA	NA	NA	NA	NA
"183"	0.9932	2.1644	0.0011952	1.9644	0.27591	47872	"host"	NA	NA	NA	NA	NA	NA	NA	NA	NA	NA
"184"	0.85537	0.7719	0.026337	1.8467	0.2716	48321	"host"	NA	NA	NA	NA	NA	NA	NA	NA	NA	NA
"185"	0.9874	1.894	0.0019648	2.072	0.29221	48655	"host"	NA	NA	NA	NA	NA	NA	NA	NA	NA	NA
"186"	0.9866	1.8669	0.0023371	2.0866	0.29475	48713	"host"	NA	NA	NA	NA	NA	NA	NA	NA	NA	NA
"187"	0.9966	2.467	0.00056216	2.423	0.34625	49252	"host"	NA	NA	NA	NA	NA	NA	NA	NA	NA	NA
"188"	0.82937	0.68668	0.02857	1.684	0.25046	52571	"host"	NA	NA	NA	NA	NA	NA	NA	NA	NA	NA
"189"	0.89658	0.93798	0.018389	1.722	0.24989	53590	"host"	NA	NA	NA	NA	NA	NA	NA	NA	NA	NA
"190"	0.89778	0.94363	0.017761	1.8375	0.26622	53815	"host"	NA	NA	NA	NA	NA	NA	NA	NA	NA	NA
"191"	0.96379	1.4252	0.0059627	2.1992	0.31509	56693	"host"	NA	NA	NA	NA	NA	NA	NA	NA	NA	NA
"192"	0.78156	0.55362	0.039589	1.4249	0.2173	57161	"host"	NA	NA	NA	NA	NA	NA	NA	NA	NA	NA
"193"	0.78836	0.57112	0.037361	1.5979	0.24099	57347	"host"	NA	NA	NA	NA	NA	NA	NA	NA	NA	NA
"194"	0.94179	1.2089	0.0094708	1.822	0.25948	57944	"host"	NA	NA	NA	NA	NA	NA	NA	NA	NA	NA
"195"	0.85877	0.78396	0.025535	1.635	0.24045	57946	"host"	NA	NA	NA	NA	NA	NA	NA	NA	NA	NA
"196"	0.979	1.6685	0.0037129	2.2492	0.32122	58096	"host"	NA	NA	NA	NA	NA	NA	NA	NA	NA	NA
"197"	0.9786	1.6601	0.0038898	2.265	0.32403	58097	"host"	NA	NA	NA	NA	NA	NA	NA	NA	NA	NA
"198"	0.77976	0.54905	0.040711	1.2642	0.19644	58362	"host"	NA	NA	NA	NA	NA	NA	NA	NA	NA	NA
"199"	0.91158	1.0133	0.014736	1.5471	0.22561	58363	"host"	NA	NA	NA	NA	NA	NA	NA	NA	NA	NA
"200"	0.90578	0.98289	0.015917	1.5479	0.226	58364	"host"	NA	NA	NA	NA	NA	NA	NA	NA	NA	NA
"201"	0.94639	1.2468	0.0084549	1.8915	0.26963	58427	"host"	NA	NA	NA	NA	NA	NA	NA	NA	NA	NA
"202"	NA	NA	NA	NA	NA	42	"host_and_hostXloc"	0.9964	2.442	0.00076732	2.5248	0.50528	0.9952	2.3166	0.00084071	2.2002	0.3105
"203"	NA	NA	NA	NA	NA	72	"host_and_hostXloc"	0.94239	1.2137	0.014209	2.153	0.44106	1	1000	0	2.2478	0.31618
"204"	NA	NA	NA	NA	NA	73	"host_and_hostXloc"	0.94059	1.1995	0.014796	2.1531	0.44125	0.9996	3.3977	5.1031e-05	2.2347	0.31491
"205"	NA	NA	NA	NA	NA	155	"host_and_hostXloc"	0.94059	1.1995	0.014796	2.1145	0.43437	0.9916	2.072	0.0013536	2.0404	0.28749
"206"	NA	NA	NA	NA	NA	200	"host_and_hostXloc"	0.85677	0.77684	0.044247	1.9964	0.42126	0.9998	3.6988	3.2265e-05	2.434	0.34631
"207"	NA	NA	NA	NA	NA	203	"host_and_hostXloc"	0.9998	3.6988	3.334e-05	2.8463	0.56382	1	1000	0	2.5885	0.36983
"208"	NA	NA	NA	NA	NA	208	"host_and_hostXloc"	0.9978	2.6565	0.00055495	2.5974	0.51845	0.9998	3.6988	3.2265e-05	2.3549	0.33303
"209"	NA	NA	NA	NA	NA	210	"host_and_hostXloc"	0.85597	0.77401	0.044692	1.8601	0.39578	0.9888	1.9458	0.0016631	2.0863	0.29431
"210"	NA	NA	NA	NA	NA	248	"host_and_hostXloc"	0.9814	1.7222	0.0036687	2.4363	0.49015	1	1000	0	2.6441	0.37963
"211"	NA	NA	NA	NA	NA	488	"host_and_hostXloc"	0.989	1.9537	0.0022831	2.471	0.49605	0.9996	3.3977	5.1031e-05	2.5073	0.35925
"212"	NA	NA	NA	NA	NA	728	"host_and_hostXloc"	0.95739	1.3516	0.011338	2.0985	0.42975	0.9984	2.7951	0.00023734	2.0512	0.28695
"213"	NA	NA	NA	NA	NA	985	"host_and_hostXloc"	0.9966	2.467	0.00072439	2.4785	0.4968	0.94059	1.1995	0.0096798	1.7894	0.25572
"214"	NA	NA	NA	NA	NA	986	"host_and_hostXloc"	0.9758	1.6055	0.0048792	2.2253	0.45183	0.9908	2.0321	0.0014451	2.0047	0.28218
"215"	NA	NA	NA	NA	NA	994	"host_and_hostXloc"	0.92639	1.0998	0.017317	2.0275	0.41973	0.9794	1.677	0.0036251	1.8581	0.26215
"216"	NA	NA	NA	NA	NA	1019	"host_and_hostXloc"	0.95899	1.3689	0.01067	2.3223	0.47083	0.9988	2.9202	0.00014367	2.1851	0.30786
"217"	NA	NA	NA	NA	NA	1020	"host_and_hostXloc"	0.96099	1.3916	0.0095387	2.3273	0.47175	0.9986	2.8532	0.00017703	2.1848	0.30774
"218"	NA	NA	NA	NA	NA	1038	"host_and_hostXloc"	0.87117	0.8301	0.034578	2.0274	0.42531	0.9816	1.727	0.003209	2.0048	0.28354
"219"	NA	NA	NA	NA	NA	1041	"host_and_hostXloc"	0.87738	0.85461	0.029225	2.0473	0.42818	0.9804	1.6991	0.003454	2.0229	0.28587
"220"	NA	NA	NA	NA	NA	1042	"host_and_hostXloc"	0.90878	0.99838	0.022751	2.0947	0.43354	0.91998	1.0606	0.013066	1.7632	0.25328
"221"	NA	NA	NA	NA	NA	1044	"host_and_hostXloc"	0.85377	0.76631	0.046895	1.9702	0.41596	0.97359	1.5667	0.0044854	1.8847	0.26647
"222"	NA	NA	NA	NA	NA	1045	"host_and_hostXloc"	0.85397	0.767	0.046459	1.9364	0.40986	0.97279	1.5534	0.0047029	1.9041	0.269
"223"	NA	NA	NA	NA	NA	1355	"host_and_hostXloc"	0.90458	0.97681	0.023559	2.1656	0.44759	1	1000	0	2.5737	0.36853
"224"	NA	NA	NA	NA	NA	1376	"host_and_hostXloc"	1	1000	0	3.4636	0.67587	1	1000	0	3.2644	0.48587
"225"	NA	NA	NA	NA	NA	1393	"host_and_hostXloc"	0.91218	1.0165	0.021577	2.155	0.44446	0.9996	3.3977	5.1031e-05	2.5197	0.3592
"226"	NA	NA	NA	NA	NA	1394	"host_and_hostXloc"	0.91958	1.0582	0.020447	2.2034	0.45282	0.9998	3.6988	3.2265e-05	2.523	0.35997
"227"	NA	NA	NA	NA	NA	1626	"host_and_hostXloc"	0.96399	1.4277	0.0084173	2.2531	0.45744	0.993	2.1518	0.0012315	2.0719	0.29152
"228"	NA	NA	NA	NA	NA	1629	"host_and_hostXloc"	0.92559	1.0948	0.01801	2.0817	0.4299	0.994	2.2191	0.0010236	2.0726	0.29216
"229"	NA	NA	NA	NA	NA	1682	"host_and_hostXloc"	0.96219	1.4057	0.0088618	2.1682	0.44228	0.87818	0.85785	0.022045	1.7139	0.24941
"230"	NA	NA	NA	NA	NA	1883	"host_and_hostXloc"	0.996	2.3961	0.00094667	2.5186	0.50475	1	1000	0	2.7379	0.3941
"231"	NA	NA	NA	NA	NA	1992	"host_and_hostXloc"	0.94039	1.198	0.015086	2.1331	0.43773	0.999	2.9995	0.00011404	2.2546	0.31845
"232"	NA	NA	NA	NA	NA	2134	"host_and_hostXloc"	0.9888	1.9458	0.0024728	2.4584	0.49367	1	1000	0	2.5268	0.36049
"233"	NA	NA	NA	NA	NA	2226	"host_and_hostXloc"	0.9946	2.2652	0.0013928	2.4183	0.48572	0.998	2.698	0.00031781	2.1785	0.30643
"234"	NA	NA	NA	NA	NA	2288	"host_and_hostXloc"	0.87177	0.83243	0.033159	1.9625	0.41252	0.9998	3.6988	3.2265e-05	2.327	0.32824
"235"	NA	NA	NA	NA	NA	2340	"host_and_hostXloc"	0.92739	1.1062	0.016967	2.0021	0.41526	0.9986	2.8532	0.00017703	2.1663	0.30462
"236"	NA	NA	NA	NA	NA	2354	"host_and_hostXloc"	0.9906	2.0227	0.0020915	2.4804	0.49759	1	1000	0	2.5851	0.36934
"237"	NA	NA	NA	NA	NA	2424	"host_and_hostXloc"	1	1000	0	2.967	0.58626	1	1000	0	2.7545	0.397
"238"	NA	NA	NA	NA	NA	2436	"host_and_hostXloc"	1	1000	0	2.8318	0.56105	1	1000	0	2.7106	0.38881
"239"	NA	NA	NA	NA	NA	2437	"host_and_hostXloc"	0.97099	1.5247	0.0067747	2.3733	0.47925	1	1000	0	2.55	0.36391
"240"	NA	NA	NA	NA	NA	2441	"host_and_hostXloc"	0.94999	1.2787	0.013074	2.3238	0.47212	1	1000	0	2.6485	0.38031
"241"	NA	NA	NA	NA	NA	2625	"host_and_hostXloc"	1	1000	0	2.9464	0.58248	0.9998	3.6988	3.2265e-05	2.5778	0.36803
"242"	NA	NA	NA	NA	NA	2626	"host_and_hostXloc"	0.95219	1.2992	0.01232	2.1542	0.44017	0.997	2.5215	0.00045767	2.1177	0.2975
"243"	NA	NA	NA	NA	NA	2882	"host_and_hostXloc"	0.92058	1.0642	0.020095	2.1807	0.44851	1	1000	0	2.5826	0.36926
"244"	NA	NA	NA	NA	NA	2896	"host_and_hostXloc"	0.94419	1.2283	0.013631	2.2619	0.46111	1	1000	0	2.6134	0.3747
"245"	NA	NA	NA	NA	NA	2922	"host_and_hostXloc"	0.95499	1.3267	0.011576	2.3311	0.47293	1	1000	0	2.6515	0.38076
"246"	NA	NA	NA	NA	NA	2927	"host_and_hostXloc"	0.9966	2.467	0.00072439	2.6628	0.53082	1	1000	0	2.773	0.40012
"247"	NA	NA	NA	NA	NA	3117	"host_and_hostXloc"	0.96959	1.5036	0.00697	2.3739	0.4796	1	1000	0	2.6322	0.37784
"248"	NA	NA	NA	NA	NA	3870	"host_and_hostXloc"	1	1000	0	3.157	0.62111	1	1000	0	2.6371	0.37887
"249"	NA	NA	NA	NA	NA	4443	"host_and_hostXloc"	0.93959	1.1918	0.015376	2.2802	0.4648	0.9998	3.6988	3.2265e-05	2.6329	0.37762
"250"	NA	NA	NA	NA	NA	4444	"host_and_hostXloc"	0.9796	1.6813	0.0038296	2.4013	0.48408	1	1000	0	2.6827	0.38561
"251"	NA	NA	NA	NA	NA	4445	"host_and_hostXloc"	0.96119	1.3939	0.0093155	2.3457	0.47512	1	1000	0	2.6469	0.38041
"252"	NA	NA	NA	NA	NA	4469	"host_and_hostXloc"	0.95879	1.3667	0.01089	2.3541	0.47656	1	1000	0	2.61	0.37461
"253"	NA	NA	NA	NA	NA	4475	"host_and_hostXloc"	0.9948	2.2816	0.00129	2.4514	0.49213	0.9962	2.4185	0.00060732	2.1276	0.29964
"254"	NA	NA	NA	NA	NA	4476	"host_and_hostXloc"	1	1000	0	2.8164	0.55822	1	1000	0	2.418	0.34145
"255"	NA	NA	NA	NA	NA	4850	"host_and_hostXloc"	0.9914	2.0617	0.0020094	2.4656	0.49465	1	1000	0	2.5378	0.36198
"256"	NA	NA	NA	NA	NA	4851	"host_and_hostXloc"	0.93019	1.1246	0.01662	2.2668	0.46348	1	1000	0	2.6272	0.37657
"257"	NA	NA	NA	NA	NA	4855	"host_and_hostXloc"	0.9916	2.072	0.0019345	2.5303	0.50708	1	1000	0	2.6057	0.37379
"258"	NA	NA	NA	NA	NA	4884	"host_and_hostXloc"	0.85877	0.78396	0.042461	1.8192	0.38798	0.97479	1.5874	0.0042724	1.8797	0.26547
"259"	NA	NA	NA	NA	NA	4976	"host_and_hostXloc"	0.95759	1.3537	0.011115	2.1537	0.44001	0.995	2.2988	0.00089618	2.0868	0.29418
"260"	NA	NA	NA	NA	NA	5312	"host_and_hostXloc"	0.88778	0.89822	0.025308	1.9742	0.41356	0.9838	1.7833	0.0028921	1.9652	0.27734
"261"	NA	NA	NA	NA	NA	5313	"host_and_hostXloc"	0.88658	0.89302	0.025787	1.99	0.41669	0.9844	1.8	0.00275	1.9837	0.27967
"262"	NA	NA	NA	NA	NA	5423	"host_and_hostXloc"	0.97159	1.5341	0.0060098	2.3847	0.48136	1	1000	0	2.6506	0.38047
"263"	NA	NA	NA	NA	NA	5970	"host_and_hostXloc"	0.95899	1.3689	0.01067	2.2183	0.4519	1	1000	0	2.3997	0.3394
"264"	NA	NA	NA	NA	NA	6255	"host_and_hostXloc"	0.85397	0.767	0.046459	1.9061	0.40438	0.9992	3.0965	9.7162e-05	2.2897	0.32316
"265"	NA	NA	NA	NA	NA	6343	"host_and_hostXloc"	0.9958	2.3748	0.00099187	2.6056	0.52031	1	1000	0	2.7181	0.39101
"266"	NA	NA	NA	NA	NA	6616	"host_and_hostXloc"	0.9814	1.7222	0.0036687	2.427	0.4886	1	1000	0	2.6659	0.38296
"267"	NA	NA	NA	NA	NA	6617	"host_and_hostXloc"	0.9988	2.9202	0.00027849	2.6263	0.52352	1	1000	0	2.7192	0.39121
"268"	NA	NA	NA	NA	NA	6618	"host_and_hostXloc"	0.94239	1.2137	0.014209	2.0984	0.43138	0.9998	3.6988	3.2265e-05	2.3648	0.33438
"269"	NA	NA	NA	NA	NA	6619	"host_and_hostXloc"	0.96859	1.4891	0.0073657	2.3599	0.4773	1	1000	0	2.6572	0.38154
"270"	NA	NA	NA	NA	NA	6621	"host_and_hostXloc"	0.93679	1.1708	0.01598	2.2589	0.4614	1	1000	0	2.6249	0.37635
"271"	NA	NA	NA	NA	NA	6622	"host_and_hostXloc"	0.9948	2.2816	0.00129	2.5053	0.50171	1	1000	0	2.7622	0.39846
"272"	NA	NA	NA	NA	NA	7163	"host_and_hostXloc"	0.93699	1.1723	0.01568	2.2556	0.46043	1	1000	0	2.5335	0.36156
"273"	NA	NA	NA	NA	NA	7164	"host_and_hostXloc"	0.90058	0.95705	0.024391	2.1397	0.44286	0.9994	3.2215	6.2012e-05	2.4893	0.35496
"274"	NA	NA	NA	NA	NA	9748	"host_and_hostXloc"	0.97099	1.5247	0.0067747	2.3699	0.47881	1	1000	0	2.623	0.37643
"275"	NA	NA	NA	NA	NA	10129	"host_and_hostXloc"	0.85837	0.78253	0.043357	1.8884	0.40102	0.9982	2.7439	0.00027609	2.2155	0.31328
"276"	NA	NA	NA	NA	NA	10136	"host_and_hostXloc"	0.979	1.6685	0.0039932	2.3787	0.47989	0.96639	1.4587	0.0056928	1.9549	0.27638
"277"	NA	NA	NA	NA	NA	10147	"host_and_hostXloc"	0.9826	1.7517	0.0032226	2.3188	0.46844	0.9944	2.2493	0.00095809	2.0742	0.29248
"278"	NA	NA	NA	NA	NA	10149	"host_and_hostXloc"	1	1000	0	3.0853	0.608	1	1000	0	2.7269	0.39177
"279"	NA	NA	NA	NA	NA	10150	"host_and_hostXloc"	1	1000	0	3.0828	0.6072	1	1000	0	2.7303	0.39224
"280"	NA	NA	NA	NA	NA	10151	"host_and_hostXloc"	1	1000	0	3.0759	0.6063	1	1000	0	2.7242	0.39175
"281"	NA	NA	NA	NA	NA	10152	"host_and_hostXloc"	1	1000	0	3.0963	0.60974	1	1000	0	2.7108	0.38904
"282"	NA	NA	NA	NA	NA	10154	"host_and_hostXloc"	1	1000	0	3.0904	0.60904	1	1000	0	2.7112	0.38929
"283"	NA	NA	NA	NA	NA	10155	"host_and_hostXloc"	0.97119	1.5278	0.0062047	2.2728	0.46048	1	1000	0	2.3486	0.33157
"284"	NA	NA	NA	NA	NA	10156	"host_and_hostXloc"	0.9992	3.0965	0.00016448	2.698	0.53702	0.9998	3.6988	3.2265e-05	2.3548	0.33234
"285"	NA	NA	NA	NA	NA	10157	"host_and_hostXloc"	0.85977	0.78755	0.04155	1.7574	0.37697	0.91298	1.0209	0.014169	1.6909	0.24461
"286"	NA	NA	NA	NA	NA	10158	"host_and_hostXloc"	0.9998	3.6988	3.334e-05	2.7231	0.54091	1	1000	0	2.5227	0.35748
"287"	NA	NA	NA	NA	NA	10159	"host_and_hostXloc"	0.9998	3.6988	3.334e-05	2.7229	0.54124	1	1000	0	2.5296	0.3587
"288"	NA	NA	NA	NA	NA	10160	"host_and_hostXloc"	0.9916	2.072	0.0019345	2.3701	0.4774	1	1000	0	2.417	0.34139
"289"	NA	NA	NA	NA	NA	10161	"host_and_hostXloc"	0.9884	1.9304	0.0025689	2.3376	0.471	1	1000	0	2.2883	0.32078
"290"	NA	NA	NA	NA	NA	10420	"host_and_hostXloc"	0.91578	1.0364	0.020818	2.1795	0.44879	0.9998	3.6988	3.2265e-05	2.53	0.36093
"291"	NA	NA	NA	NA	NA	10434	"host_and_hostXloc"	0.95919	1.3712	0.010224	2.3385	0.47357	0.9998	3.6988	3.2265e-05	2.6297	0.37643
"292"	NA	NA	NA	NA	NA	10453	"host_and_hostXloc"	1	1000	0	2.815	0.55775	1	1000	0	2.6042	0.37296
"293"	NA	NA	NA	NA	NA	10717	"host_and_hostXloc"	0.96619	1.4561	0.007981	2.3457	0.47483	1	1000	0	2.6482	0.37981
"294"	NA	NA	NA	NA	NA	10718	"host_and_hostXloc"	0.9954	2.3352	0.0010867	2.578	0.516	1	1000	0	2.6563	0.38123
"295"	NA	NA	NA	NA	NA	11085	"host_and_hostXloc"	0.96659	1.4614	0.0077744	2.2082	0.4494	0.9992	3.0965	9.7162e-05	2.1614	0.30281
"296"	NA	NA	NA	NA	NA	12751	"host_and_hostXloc"	0.87538	0.84659	0.029722	1.9762	0.41502	0.9988	2.9202	0.00014367	2.1668	0.30529
"297"	NA	NA	NA	NA	NA	12851	"host_and_hostXloc"	0.95939	1.3734	0.0099976	2.202	0.44845	0.9984	2.7951	0.00023734	2.2516	0.31848
"298"	NA	NA	NA	NA	NA	13610	"host_and_hostXloc"	0.97319	1.56	0.0056169	2.2636	0.45878	0.9872	1.8871	0.0020267	2.0245	0.28566
"299"	NA	NA	NA	NA	NA	13835	"host_and_hostXloc"	0.89558	0.93332	0.02483	2.1127	0.43832	1	1000	0	2.5472	0.36373
"300"	NA	NA	NA	NA	NA	14771	"host_and_hostXloc"	0.97499	1.591	0.0050605	2.4052	0.4851	1	1000	0	2.5946	0.37058
"301"	NA	NA	NA	NA	NA	14772	"host_and_hostXloc"	0.9992	3.0965	0.00016448	2.614	0.52196	1	1000	0	2.7762	0.40049
"302"	NA	NA	NA	NA	NA	15167	"host_and_hostXloc"	0.96879	1.492	0.0071686	2.3493	0.47506	1	1000	0	2.5742	0.36728
"303"	NA	NA	NA	NA	NA	18396	"host_and_hostXloc"	0.9956	2.3545	0.0010386	2.5534	0.51084	1	1000	0	2.7226	0.39145
"304"	NA	NA	NA	NA	NA	18401	"host_and_hostXloc"	0.9846	1.8057	0.0027985	2.4593	0.49422	1	1000	0	2.5736	0.36767
"305"	NA	NA	NA	NA	NA	19977	"host_and_hostXloc"	0.92619	1.0986	0.017664	2.2411	0.45924	1	1000	0	2.6321	0.3778
"306"	NA	NA	NA	NA	NA	20477	"host_and_hostXloc"	0.91418	1.0275	0.021194	2.0585	0.42671	0.9952	2.3166	0.00084071	2.1908	0.30958
"307"	NA	NA	NA	NA	NA	21255	"host_and_hostXloc"	0.86877	0.82089	0.035981	1.8656	0.39539	0.9982	2.7439	0.00027609	2.1534	0.30255
"308"	NA	NA	NA	NA	NA	22398	"host_and_hostXloc"	1	1000	0	3.0041	0.5927	0.9998	3.6988	3.2265e-05	2.6701	0.38238
"309"	NA	NA	NA	NA	NA	23674	"host_and_hostXloc"	0.9928	2.1394	0.0015714	2.4177	0.48592	0.74535	0.46641	0.049636	1.3461	0.21
"310"	NA	NA	NA	NA	NA	23910	"host_and_hostXloc"	0.92519	1.0922	0.018354	2.1879	0.44916	0.9998	3.6988	3.2265e-05	2.6122	0.37475
"311"	NA	NA	NA	NA	NA	25588	"host_and_hostXloc"	0.95219	1.2992	0.01232	2.3019	0.4679	1	1000	0	2.6419	0.37896
"312"	NA	NA	NA	NA	NA	26673	"host_and_hostXloc"	0.9816	1.727	0.003373	2.2521	0.45595	1	1000	0	2.4612	0.34937
"313"	NA	NA	NA	NA	NA	26945	"host_and_hostXloc"	1	1000	0	2.6237	0.52292	0.9998	3.6988	3.2265e-05	2.4832	0.35168
"314"	NA	NA	NA	NA	NA	26946	"host_and_hostXloc"	0.9924	2.1158	0.0017109	2.3493	0.47324	0.9998	3.6988	3.2265e-05	2.2149	0.31002
"315"	NA	NA	NA	NA	NA	26948	"host_and_hostXloc"	0.9982	2.7439	0.00042465	2.5764	0.51457	1	1000	0	2.3404	0.32931
"316"	NA	NA	NA	NA	NA	27886	"host_and_hostXloc"	0.9994	3.2215	6.668e-05	2.7627	0.549	0.9996	3.3977	5.1031e-05	2.5126	0.35779
"317"	NA	NA	NA	NA	NA	27988	"host_and_hostXloc"	0.97419	1.5769	0.0052457	2.4077	0.48552	1	1000	0	2.6225	0.37604
"318"	NA	NA	NA	NA	NA	28869	"host_and_hostXloc"	0.9998	3.6988	3.334e-05	2.8997	0.57389	1	1000	0	2.5181	0.35922
"319"	NA	NA	NA	NA	NA	29367	"host_and_hostXloc"	0.95959	1.3756	0.0097691	2.3187	0.47028	1	1000	0	2.5516	0.36409
"320"	NA	NA	NA	NA	NA	29600	"host_and_hostXloc"	1	1000	0	3.0752	0.60554	0.9992	3.0965	9.7162e-05	2.453	0.34924
"321"	NA	NA	NA	NA	NA	30269	"host_and_hostXloc"	0.88278	0.87684	0.026761	1.9837	0.41568	0.9992	3.0965	9.7162e-05	2.2858	0.32259
"322"	NA	NA	NA	NA	NA	31166	"host_and_hostXloc"	0.9966	2.467	0.00072439	2.5362	0.50735	1	1000	0	2.6981	0.38799
"323"	NA	NA	NA	NA	NA	32978	"host_and_hostXloc"	0.94619	1.2451	0.013348	2.2757	0.46374	1	1000	0	2.6364	0.37809
"324"	NA	NA	NA	NA	NA	33366	"host_and_hostXloc"	0.9968	2.4934	0.00059694	2.6865	0.5354	1	1000	0	2.505	0.35684
"325"	NA	NA	NA	NA	NA	33367	"host_and_hostXloc"	0.97159	1.5341	0.0060098	2.3563	0.47604	1	1000	0	2.5253	0.35969
"326"	NA	NA	NA	NA	NA	33381	"host_and_hostXloc"	0.92378	1.0835	0.019046	2.2102	0.45364	0.9998	3.6988	3.2265e-05	2.6394	0.37827
"327"	NA	NA	NA	NA	NA	33508	"host_and_hostXloc"	0.996	2.3961	0.00094667	2.5666	0.51349	1	1000	0	2.7581	0.39755
"328"	NA	NA	NA	NA	NA	33509	"host_and_hostXloc"	0.84317	0.73048	0.049544	2.1239	0.44626	0.78836	0.57112	0.037361	1.6166	0.24428
"329"	NA	NA	NA	NA	NA	35301	"host_and_hostXloc"	1	1000	0	2.8873	0.57142	1	1000	0	2.6196	0.3743
"330"	NA	NA	NA	NA	NA	37503	"host_and_hostXloc"	0.988	1.9155	0.0026672	2.2825	0.46115	0.982	1.7368	0.0030501	1.8845	0.26594
"331"	NA	NA	NA	NA	NA	37505	"host_and_hostXloc"	0.96119	1.3939	0.0093155	2.1537	0.44004	0.9884	1.9304	0.0017215	2.0734	0.29186
"332"	NA	NA	NA	NA	NA	38088	"host_and_hostXloc"	0.9942	2.234	0.0014472	2.5209	0.50506	1	1000	0	2.6745	0.38376
"333"	NA	NA	NA	NA	NA	38098	"host_and_hostXloc"	0.95119	1.2898	0.01257	2.3042	0.46821	1	1000	0	2.6255	0.3763
"334"	NA	NA	NA	NA	NA	38893	"host_and_hostXloc"	0.96419	1.4302	0.0082001	2.5341	0.50942	0.9944	2.2493	0.00095809	2.2639	0.32171
"335"	NA	NA	NA	NA	NA	42843	"host_and_hostXloc"	0.96319	1.4178	0.0086374	2.3158	0.46947	1	1000	0	2.5206	0.3591
"336"	NA	NA	NA	NA	NA	43103	"host_and_hostXloc"	0.93559	1.1621	0.016285	2.2318	0.45662	1	1000	0	2.5192	0.35908
"337"	NA	NA	NA	NA	NA	43509	"host_and_hostXloc"	1	1000	0	2.882	0.57021	1	1000	0	2.3432	0.33016
"338"	NA	NA	NA	NA	NA	46698	"host_and_hostXloc"	0.9888	1.9458	0.0024728	2.4898	0.49944	1	1000	0	2.5137	0.35861
"339"	NA	NA	NA	NA	NA	46700	"host_and_hostXloc"	0.9926	2.1275	0.0016408	2.5347	0.50777	1	1000	0	2.5291	0.36102
"340"	NA	NA	NA	NA	NA	47028	"host_and_hostXloc"	0.95299	1.3069	0.011823	2.3175	0.47085	1	1000	0	2.6593	0.3824
"341"	NA	NA	NA	NA	NA	49766	"host_and_hostXloc"	0.95019	1.2805	0.012823	2.269	0.46194	1	1000	0	2.5987	0.37189
"342"	NA	NA	NA	NA	NA	54354	"host_and_hostXloc"	0.9992	3.0965	0.00016448	2.6377	0.52566	1	1000	0	2.5507	0.36386
"343"	NA	NA	NA	NA	NA	19952	"loc_and_hostXloc"	1	1000	0	2.9708	0.58604	1	1000	0	2.8133	0.38412
"344"	NA	NA	NA	NA	NA	19953	"loc_and_hostXloc"	1	1000	0	2.9565	0.58368	1	1000	0	2.8183	0.38472
"345"	NA	NA	NA	NA	NA	22449	"loc_and_hostXloc"	0.996	2.3961	0.00094667	2.31	0.46567	0.88838	0.90085	0.019937	1.9936	0.29337
"346"	NA	NA	NA	NA	NA	22459	"loc_and_hostXloc"	1	1000	0	3.0099	0.59332	1	1000	0	2.6347	0.36201
"347"	NA	NA	NA	NA	NA	23679	"loc_and_hostXloc"	1	1000	0	2.9312	0.57871	0.9994	3.2215	0.00014548	2.5247	0.34922
"348"	NA	NA	NA	NA	NA	23694	"loc_and_hostXloc"	0.9992	3.0965	0.00016448	2.5986	0.51806	0.78256	0.55617	0.039452	1.9032	0.2886
"349"	NA	NA	NA	NA	NA	23705	"loc_and_hostXloc"	1	1000	0	2.8902	0.57114	1	1000	0	3.1684	0.4314
"350"	NA	NA	NA	NA	NA	23720	"loc_and_hostXloc"	0.92398	1.0848	0.018701	2.0394	0.42274	0.90378	0.9728	0.012611	1.9882	0.29181
"351"	NA	NA	NA	NA	NA	24076	"loc_and_hostXloc"	0.9992	3.0965	0.00016448	2.5345	0.50622	0.9954	2.3352	0.0011502	2.3519	0.32945
"352"	NA	NA	NA	NA	NA	25134	"loc_and_hostXloc"	0.9952	2.3166	0.0011362	2.3279	0.4689	0.88058	0.86768	0.029706	1.9909	0.29348
"353"	NA	NA	NA	NA	NA	25140	"loc_and_hostXloc"	0.9998	3.6988	3.334e-05	2.5781	0.51432	0.9938	2.2048	0.0014473	2.2659	0.31941
"354"	NA	NA	NA	NA	NA	25141	"loc_and_hostXloc"	1	1000	0	3.0225	0.59575	1	1000	0	2.6408	0.3626
"355"	NA	NA	NA	NA	NA	25198	"loc_and_hostXloc"	0.992	2.0933	0.0017841	2.2991	0.4642	0.97019	1.5126	0.0047737	2.1104	0.30307
"356"	NA	NA	NA	NA	NA	31719	"loc_and_hostXloc"	0.9988	2.9202	0.00027849	2.5594	0.51138	1	1000	0	2.8251	0.38658
"357"	NA	NA	NA	NA	NA	31720	"loc_and_hostXloc"	0.9984	2.7951	0.00034822	2.584	0.51551	0.9998	3.6988	2.5005e-05	2.8168	0.3855
"358"	NA	NA	NA	NA	NA	31721	"loc_and_hostXloc"	0.999	2.9995	0.00020004	2.5695	0.51335	0.9996	3.3977	0.00010002	2.8137	0.38496
"359"	NA	NA	NA	NA	NA	32125	"loc_and_hostXloc"	0.9996	3.3977	5.2642e-05	2.7716	0.5495	0.9992	3.0965	0.00020004	2.6876	0.36939
"360"	NA	NA	NA	NA	NA	32762	"loc_and_hostXloc"	0.9992	3.0965	0.00016448	2.6767	0.53256	0.88238	0.87516	0.026612	2.1112	0.30731
"361"	NA	NA	NA	NA	NA	32767	"loc_and_hostXloc"	0.9946	2.2652	0.0013928	2.3367	0.47055	0.9956	2.3545	0.00092018	2.4206	0.33748
"362"	NA	NA	NA	NA	NA	32784	"loc_and_hostXloc"	1	1000	0	3.2695	0.64092	0.9966	2.467	0.00044624	2.6137	0.3612
"363"	NA	NA	NA	NA	NA	32808	"loc_and_hostXloc"	0.96759	1.4751	0.0075676	2.4295	0.49002	0.9908	2.0321	0.0021267	2.9969	0.41156
"364"	NA	NA	NA	NA	NA	40153	"loc_and_hostXloc"	0.9836	1.7779	0.0029373	2.3433	0.47269	0.9934	2.1775	0.0017337	2.7795	0.38148
"365"	NA	NA	NA	NA	NA	40156	"loc_and_hostXloc"	0.9996	3.3977	5.2642e-05	2.616	0.52113	0.9862	1.854	0.0027105	2.2858	0.32216
"366"	NA	NA	NA	NA	NA	43857	"loc_and_hostXloc"	1	1000	0	2.6695	0.53072	1	1000	0	2.8911	0.39367
"367"	NA	NA	NA	NA	NA	43861	"loc_and_hostXloc"	0.995	2.2988	0.0011871	2.3056	0.46545	0.94279	1.2169	0.0091268	2.1988	0.31466
"368"	NA	NA	NA	NA	NA	43862	"loc_and_hostXloc"	1	1000	0	2.8187	0.55819	0.9964	2.442	0.00067156	2.4641	0.34236
"369"	NA	NA	NA	NA	NA	43871	"loc_and_hostXloc"	1	1000	0	3.1951	0.62699	0.94319	1.2202	0.0070362	2.2746	0.32318
"370"	NA	NA	NA	NA	NA	50554	"loc_and_hostXloc"	0.9962	2.4185	0.00081193	2.6181	0.52255	0.9996	3.3977	0.00010002	3.1467	0.43021
